function data = Data()
data = [5,0; 
	5,45;
	5,45;
	5,-45;
	5,-45;
	5,0;
	10,0;
	15,-45;
	5,-45;
	5,0;
	10,0;
	5,0;
	5,-45;
	10,-45;
	10,45;
	10,45;
	10,45;
	10,45;
	10,45;
	5,0;
	5,-45;
	5,-45;
	10,0;
	10,-45;
	5,-45;
	5,0;
	5,0;
	5,0;
	5,0;
	5,-45;
	5,-45;
	5,0;
	5,45;
	5,45;
	5,45;
	5,45;
	0,0;
	5,0;
	5,-45;
	5,-45;
	5,-45;
	5,-45;
	5,0;
	5,0;
	5,0;
	5,0;
	5,0;
	5,0;
	5,0;
	5,0;
	5,-45;
	5,-45;
	5,0;
	5,-45;
	5,-45;
	5,0;
	5,0;
	5,0;
	5,0;
	5,0;
	5,0;];